index,res1,atom1,atom1_multiple_assignments,res2,atom2,atom2_multiple_assignments,dist_value,upper,lower
1,14,H,0,17,HD2,1,4.0,4.0,4.0
2,17,HD2,1,20,H,0,4.0,4.0,4.0
3,13,H,0,17,HD2,1,4.0,4.0,4.0
4,17,HD2,1,22,H,0,4.0,4.0,4.0
5,18,H,0,24,HD,1,4.0,4.0,4.0
6,17,H,0,24,HD1,1,4.0,4.0,4.0
7,24,HD1,1,31,H,0,4.0,4.0,4.0
8,19,H,0,24,HD1,1,5.0,5.0,5.0
9,17,HD2,1,23,H,0,5.0,5.0,5.0
10,47,HD,1,53,HD,1,5.0,5.0,5.0
11,27,HD,1,41,HD,1,5.0,5.0,5.0
12,4,HD,1,28,HD,1,5.0,5.0,5.0
13,24,HD1,1,51,H,0,5.0,5.0,5.0
14,8,H,0,48,HD1,1,5.0,5.0,5.0
15,7,H,0,48,HD1,1,5.0,5.0,5.0
16,9,HZ,0,12,H,0,4.0,4.0,4.0
17,16,H,0,19,HD,1,4.0,4.0,4.0
18,22,H,0,19,HD,1,4.0,4.0,4.0
19,33,H,0,36,HD1,0,4.0,4.0,4.0
20,33,H,0,36,HE1,0,4.0,4.0,4.0
21,34,H,0,37,HD,1,4.0,4.0,4.0
22,36,HE1,0,39,H,0,4.0,4.0,4.0
23,36,HE3,0,39,H,0,4.0,4.0,4.0
24,36,HZ3,0,39,H,0,4.0,4.0,4.0
25,52,HD,1,55,H,0,4.0,4.0,4.0
26,52,HE,1,55,H,0,4.0,4.0,4.0
27,15,H,0,19,HD,1,4.0,4.0,4.0
28,32,H,0,36,HE1,0,4.0,4.0,4.0
29,33,H,0,37,HE1,0,4.0,4.0,4.0
30,36,HE1,0,40,H,0,4.0,4.0,4.0
31,37,HE,1,41,H,0,4.0,4.0,4.0
32,48,H,0,52,HE1,1,4.0,4.0,4.0
33,31,H,0,36,HE1,0,4.0,4.0,4.0
34,32,H,0,37,HE,1,4.0,4.0,4.0
35,36,HE1,0,41,H,0,4.0,4.0,4.0
36,9,HZ,0,19,H,0,4.0,4.0,4.0
37,26,H,0,36,HZ2,0,4.0,4.0,4.0
38,22,H,0,36,HE1,0,4.0,4.0,4.0
39,20,H,0,36,HZ2,0,4.0,4.0,4.0
40,36,HE3,0,52,HD,1,4.0,4.0,4.0
41,18,H,0,36,HE1,0,4.0,4.0,4.0
42,19,HD,1,37,HA,0,4.0,4.0,4.0
43,37,HD,1,40,H,0,5.0,5.0,5.0
44,36,HE3,0,40,H,0,5.0,5.0,5.0
45,32,H,0,37,HD,1,5.0,5.0,5.0
46,36,HZ3,0,46,H,0,5.0,5.0,5.0
47,9,HZ,0,20,H,0,5.0,5.0,5.0
48,7,H,0,19,HD,1,5.0,5.0,5.0
49,9,HZ,0,23,H,0,5.0,5.0,5.0
50,15,H,0,37,HD,1,5.0,5.0,5.0
51,8,H,0,11,H,0,4.0,4.0,4.0
52,9,H,0,12,H,0,4.0,4.0,4.0
53,12,H,0,15,H,0,4.0,4.0,4.0
54,13,H,0,16,H,0,4.0,4.0,4.0
55,14,H,0,17,H,0,4.0,4.0,4.0
56,15,H,0,18,H,0,4.0,4.0,4.0
57,19,H,0,22,H,0,4.0,4.0,4.0
58,22,H,0,25,H,0,4.0,4.0,4.0
59,29,H,0,32,H,0,4.0,4.0,4.0
60,29,HD2,1,32,H,0,4.0,4.0,4.0
61,31,H,0,34,H,0,4.0,4.0,4.0
62,32,H,0,35,H,0,4.0,4.0,4.0
63,34,H,0,37,H,0,4.0,4.0,4.0
64,35,H,0,38,H,0,4.0,4.0,4.0
65,35,HD2,1,38,H,0,4.0,4.0,4.0
66,36,H,0,39,H,0,4.0,4.0,4.0
67,40,H,0,43,H,0,4.0,4.0,4.0
68,48,H,0,51,H,0,4.0,4.0,4.0
69,50,H,0,53,H,0,4.0,4.0,4.0
70,51,HD2,1,54,H,0,4.0,4.0,4.0
71,54,H,0,57,H,0,4.0,4.0,4.0
72,55,H,0,58,H,0,4.0,4.0,4.0
73,12,H,0,16,H,0,4.0,4.0,4.0
74,13,H,0,17,H,0,4.0,4.0,4.0
75,14,H,0,18,H,0,4.0,4.0,4.0
76,25,H,0,29,HD2,1,4.0,4.0,4.0
77,29,HD2,1,33,H,0,4.0,4.0,4.0
78,31,H,0,35,HD2,1,4.0,4.0,4.0
79,34,H,0,38,H,0,4.0,4.0,4.0
80,35,HD2,1,39,H,0,4.0,4.0,4.0
81,39,H,0,43,H,0,4.0,4.0,4.0
82,42,H,0,46,H,0,4.0,4.0,4.0
83,50,H,0,54,H,0,4.0,4.0,4.0
84,51,HD2,1,55,H,0,4.0,4.0,4.0
85,13,H,0,18,H,0,4.0,4.0,4.0
86,29,HD2,1,34,H,0,4.0,4.0,4.0
87,29,H,0,35,HD2,1,4.0,4.0,4.0
88,29,HD2,1,35,H,0,4.0,4.0,4.0
89,29,H,0,36,H,0,4.0,4.0,4.0
90,39,H,0,46,H,0,4.0,4.0,4.0
91,37,H,0,46,H,0,4.0,4.0,4.0
92,23,HE2,1,37,H,0,4.0,4.0,4.0
