index,res1,atom1,res2,atom2,dist_value,lower,upper
1,2,CD,6,H,12.126917,12.126917,2.500000
2,2,CD,8,H,14.740188,2.500000,2.500000
3,2,CD,9,H,15.505346,2.500000,2.500000
4,2,CD,10,H,16.657487,2.500000,2.500000
5,2,CD,11,H,14.663327,2.500000,2.500000
6,2,CD,12,H,16.621796,2.500000,2.500000
7,2,CD,13,H,16.177808,2.500000,2.500000
8,2,CD,15,H,15.572041,2.500000,2.500000
9,2,CD,16,H,15.768646,2.500000,2.500000
10,2,CD,18,H,16.891915,2.500000,2.500000
11,2,CD,20,H,14.877754,2.500000,2.500000
12,2,CD,22,H,14.860273,2.500000,2.500000
13,2,CD,27,H,14.402385,2.500000,2.500000
14,2,CD,30,H,15.399749,2.500000,2.500000
15,2,CD,31,H,14.338702,2.500000,2.500000
16,2,CD,32,H,16.261297,2.500000,2.500000
17,2,CD,33,H,13.684820,2.500000,2.500000
18,2,CD,34,H,16.468214,2.500000,2.500000
19,2,CD,35,H,15.791759,2.500000,2.500000
20,2,CD,36,H,14.467949,2.500000,2.500000
21,2,CD,37,H,12.619137,2.500000,2.500000
22,2,CD,40,H,14.142070,2.500000,2.500000
23,2,CD,42,H,16.014731,2.500000,2.500000
24,2,CD,43,H,16.169817,2.500000,2.500000
25,2,CD,45,H,17.068104,2.500000,2.500000
26,2,CD,46,H,15.108828,2.500000,2.500000
27,2,CD,47,H,14.450365,2.500000,2.500000
28,2,CD,50,H,14.676862,2.500000,2.500000
29,2,CD,51,H,15.271955,2.500000,2.500000
30,2,CD,52,H,15.721422,2.500000,2.500000
31,2,CD,53,H,14.669257,2.500000,2.500000
32,2,CD,55,H,15.559458,2.500000,2.500000
33,2,CD,56,H,15.894635,2.500000,2.500000
34,2,CD,57,H,19.507040,2.500000,2.500000
35,2,CD,58,H,19.028650,2.500000,2.500000
36,2,CD,59,H,18.313774,2.500000,2.500000
37,2,CD,36,HE1,12.113147,2.500000,2.500000
38,2,H,59,OXT,14.820587,2.500000,2.500000
39,3,H,59,OXT,14.456428,2.500000,2.500000
40,4,H,59,OXT,13.327730,2.500000,2.500000
41,5,H,59,OXT,13.898818,2.500000,2.500000
42,6,H,59,OXT,13.587112,2.500000,2.500000
43,8,H,59,OXT,13.290207,2.500000,2.500000
44,9,H,59,OXT,13.958081,2.500000,2.500000
45,11,H,59,OXT,13.903057,2.500000,2.500000
46,12,H,59,OXT,15.169574,2.500000,2.500000
47,13,H,59,OXT,13.518590,2.500000,2.500000
48,14,H,59,OXT,13.814041,2.500000,2.500000
49,15,H,59,OXT,14.604609,2.500000,2.500000
50,16,H,59,OXT,14.348490,2.500000,2.500000
51,18,H,59,OXT,13.622987,2.500000,2.500000
52,22,H,59,OXT,12.898394,2.500000,2.500000
53,27,H,59,OXT,11.244962,11.244962,2.500000
54,30,H,59,OXT,12.365800,2.500000,2.500000
55,31,H,59,OXT,12.311017,2.500000,2.500000
56,33,H,59,OXT,12.234036,2.500000,2.500000
57,34,H,59,OXT,13.719889,2.500000,2.500000
58,36,H,59,OXT,11.812472,2.500000,2.500000
59,37,H,59,OXT,10.955250,10.955250,2.500000
60,38,H,59,OXT,11.168071,11.168071,2.500000
61,43,H,59,OXT,13.515903,2.500000,2.500000
62,45,H,59,OXT,14.677395,2.500000,2.500000
63,46,H,59,OXT,11.999552,11.999552,2.500000
64,47,H,59,OXT,12.098109,12.098109,2.500000
65,48,H,59,OXT,12.241352,2.500000,2.500000
66,50,H,59,OXT,11.978313,11.978313,2.500000
67,36,HE1,59,OXT,11.997003,11.997003,2.500000
