index,resnum,atomname,value,error
1,3,C,177.1,0.3
2,3,CA,52.43,0.3
3,3,CB,19.26,0.3
4,3,H,8.71,0.03
5,3,HA,4.31,0.03
6,4,C,176.1,0.3
7,4,CA,60.86,0.3
8,4,CB,38.99,0.3
9,4,H,8.34,0.03
10,4,HA,4.12,0.03
11,5,C,176.9,0.3
12,5,CA,52.31,0.3
13,5,CB,19.39,0.3
14,5,H,8.56,0.03
15,5,HA,4.29,0.03
16,6,C,175.9,0.3
17,6,CA,54.85,0.3
18,6,CB,34.88,0.3
19,6,H,8.46,0.03
20,6,HA,4.7,0.03
26,8,C,175.4,0.3
27,8,CA,53.88,0.3
28,8,CB,41.15,0.3
29,8,H,8.45,0.03
30,8,HA,4.59,0.03
31,9,C,175.4,0.3
32,9,CA,58.07,0.3
33,9,CB,39.37,0.3
34,9,H,8.51,0.03
35,9,HA,4.61,0.03
36,10,C,173.7,0.3
37,10,CA,58.43,0.3
38,10,CB,63.67,0.3
39,10,H,8.4,0.03
40,10,HA,4.38,0.03
41,11,C,177.6,0.3
42,11,CA,52.73,0.3
43,11,CB,19.41,0.3
44,11,H,8.43,0.03
45,11,HA,4.38,0.03
46,12,C,174.2,0.3
47,12,CA,61.69,0.3
48,12,CB,70.02,0.3
49,12,H,8.28,0.03
50,12,HA,4.35,0.03
51,13,C,177.7,0.3
52,13,CA,53.08,0.3
53,13,CB,19.27,0.3
54,13,H,8.47,0.03
55,13,HA,4.3,0.03
56,14,C,176.3,0.3
57,14,CA,55.04,0.3
58,14,CB,40.99,0.3
59,14,H,8.42,0.03
60,14,HA,4.55,0.03
61,15,C,176.7,0.3
62,15,CA,54.94,0.3
63,15,CB,40.98,0.3
64,15,H,8.33,0.03
65,15,HA,4.56,0.03
66,16,C,177.4,0.3
67,16,CA,57.89,0.3
68,16,CB,30.15,0.3
69,16,H,8.43,0.03
70,16,HA,4.17,0.03
71,17,C,178.2,0.3
72,17,CA,56.52,0.3
73,17,CB,41.82,0.3
74,17,H,8.23,0.03
75,17,HA,4.23,0.03
76,18,C,175.1,0.3
77,18,CA,59.99,0.3
78,18,CB,63.22,0.3
79,18,H,8.21,0.03
80,18,HA,4.28,0.03
81,19,C,176.4,0.3
82,19,CA,59.17,0.3
83,19,CB,39.07,0.3
84,19,H,8.19,0.03
85,19,HA,4.51,0.03
86,20,C,176.8,0.3
87,20,CA,57.72,0.3
88,20,CB,29.79,0.3
89,20,H,8.24,0.03
90,20,HA,4.15,0.03
91,21,C,177.2,0.3
92,21,CA,57.57,0.3
93,21,CB,32.86,0.3
94,21,H,8.25,0.03
95,21,HA,4.23,0.03
96,22,CA,63.19,0.3
97,22,CB,69.44,0.3
98,22,H,8.13,0.03
99,22,HA,4.19,0.03
100,23,C,177.2,0.3
101,23,CA,56.27,0.3
102,23,CB,29.18,0.3
103,23,H,8.22,0.03
104,23,HA,4.22,0.03
105,24,C,176.6,0.3
106,24,CA,61.83,0.3
107,24,CB,38.41,0.3
108,24,H,8.18,0.03
109,24,HA,4.03,0.03
110,25,C,176.6,0.3
111,25,CA,55.48,0.3
112,25,CB,42.17,0.3
113,25,H,8.28,0.03
114,25,HA,4.27,0.03
115,26,C,175.9,0.3
116,26,CA,56.74,0.3
117,26,CB,32.99,0.3
118,26,H,8.24,0.03
119,26,HA,4.27,0.03
120,27,C,176.7,0.3
121,27,CA,61.46,0.3
122,27,CB,38.34,0.3
123,27,H,8.19,0.03
124,27,HA,4.08,0.03
125,28,C,174.1,0.3
126,28,CA,55.35,0.3
127,28,CB,42.47,0.3
128,28,H,8.39,0.03
129,28,HA,4.33,0.03
130,29,C,174.9,0.3
131,29,CA,53.23,0.3
132,29,CB,38.68,0.3
133,29,H,8.53,0.03
134,29,HA,4.69,0.03
135,30,C,176.1,0.3
136,30,CA,55.89,0.3
137,30,CB,32.31,0.3
138,30,H,8.49,0.03
139,30,HA,4.44,0.03
140,31,C,175.9,0.3
141,31,CA,56.91,0.3
142,31,CB,30.2,0.3
143,31,H,8.52,0.03
144,31,HA,4.25,0.03
145,32,C,175.7,0.3
146,32,CA,54.44,0.3
147,32,CB,41.24,0.3
148,32,H,8.29,0.03
149,32,HA,4.59,0.03
150,33,C,176.5,0.3
151,33,CA,54.44,0.3
152,33,CB,40.91,0.3
153,33,H,8.34,0.03
154,33,HA,4.51,0.03
155,34,C,174.6,0.3
156,34,CA,59.49,0.3
157,34,CB,63.61,0.3
158,34,H,8.49,0.03
159,34,HA,4.33,0.03
160,35,C,175.0,0.3
161,35,CA,53.77,0.3
162,35,CB,38.78,0.3
163,35,H,8.5,0.03
164,35,HA,4.69,0.03
165,36,C,175.7,0.3
166,36,CA,57.8,0.3
167,36,CB,29.42,0.3
168,36,H,7.96,0.03
169,36,HA,4.55,0.03
170,37,C,175.0,0.3
171,37,CA,58.42,0.3
172,37,CB,38.45,0.3
173,37,H,7.9,0.03
174,37,HA,4.31,0.03
175,38,C,175.3,0.3
176,38,CA,55.83,0.3
177,38,CB,30.88,0.3
178,38,H,7.92,0.03
179,38,HA,4.13,0.03
180,39,C,177.8,0.3
181,39,CA,53.18,0.3
182,39,CB,19.13,0.3
183,39,H,8.27,0.03
184,39,HA,4.16,0.03
185,40,C,176.5,0.3
186,40,CA,56.87,0.3
187,40,CB,30.03,0.3
188,40,H,8.54,0.03
189,40,HA,4.21,0.03
190,41,C,177.1,0.3
191,41,CA,55.43,0.3
192,41,CB,42.23,0.3
193,41,H,8.21,0.03
194,41,HA,4.32,0.03
195,42,C,176.6,0.3
196,42,CA,54.66,0.3
197,42,CB,41.17,0.3
198,42,H,8.39,0.03
199,42,HA,4.58,0.03
200,43,C,174.3,0.3
201,43,CA,45.71,0.3
202,43,H,8.46,0.03
203,44,C,176.5,0.3
204,44,CA,56.49,0.3
205,44,CB,32.87,0.3
206,44,H,8.25,0.03
207,44,HA,4.33,0.03
208,45,C,176.6,0.3
209,45,CA,57.22,0.3
210,45,CB,30.0,0.3
211,45,H,8.66,0.03
212,45,HA,4.25,0.03
213,46,C,173.4,0.3
214,46,CA,45.21,0.3
215,46,H,8.52,0.03
216,47,C,176.8,0.3
217,47,CA,55.04,0.3
218,47,CB,42.4,0.3
219,47,H,8.12,0.03
220,47,HA,4.36,0.03
221,48,CA,58.5,0.3
222,48,CB,38.5,0.3
223,48,H,8.37,0.03
224,49,C,176.7,0.3
225,49,CA,63.3,0.3
226,49,CB,32.35,0.3
227,49,HA,4.4,0.03
228,50,C,174.1,0.3
229,50,CA,58.78,0.3
230,50,CB,63.58,0.3
231,50,H,8.62,0.03
232,50,HA,4.36,0.03
233,51,C,174.3,0.3
234,51,CA,53.09,0.3
235,51,CB,38.61,0.3
236,51,H,8.51,0.03
237,51,HA,4.72,0.03
238,52,C,175.0,0.3
239,52,CA,58.63,0.3
240,52,CB,38.84,0.3
241,52,H,8.16,0.03
242,52,HA,4.48,0.03
243,53,C,175.7,0.3
244,53,CA,60.87,0.3
245,53,CB,38.96,0.3
246,53,H,7.97,0.03
247,53,HA,4.0,0.03
248,54,C,176.0,0.3
249,54,CA,56.55,0.3
250,54,CB,30.19,0.3
251,54,H,8.42,0.03
252,54,HA,4.14,0.03
253,55,C,175.7,0.3
254,55,CA,55.29,0.3
255,55,CB,32.14,0.3
256,55,H,8.5,0.03
257,55,HA,4.46,0.03
258,56,C,175.8,0.3
259,56,CA,56.16,0.3
260,56,CB,33.1,0.3
261,56,H,8.48,0.03
262,56,HA,4.12,0.03
263,57,C,174.1,0.3
264,57,CA,53.22,0.3
265,57,CB,38.78,0.3
266,57,H,8.49,0.03
267,57,HA,4.67,0.03
